10000
715
60
663
689
682
674
839
858
408
743
536
446
758
721
635
179
409
164
192
120
586
163
788
3
928
183
540
41
386
567
570
453
627
586
494
309
260
334
519
668
429
55
466
188
128
453
719
538
617
912
10
555
427
798
911
356
333
451
397
71
18
319
877
645
905
371
306
517
57
178
537
839
585
356
379
714
809
98
604
779
362
614
334
790
764
597
498
98
48
247
521
66
918
398
63
176
770
722
45
179
252
583
18
837
291
397
903
452
848
507
231
562
473
918
704
238
515
554
688
564
153
561
982
72
960
398
600
82
120
645
261
372
580
632
561
871
381
465
676
581
972
907
144
798
177
200
388
693
755
428
609
908
989
943
980
949
341
932
383
813
578
997
537
158
629
99
382
362
564
58
944
888
317
440
686
495
640
426
540
395
854
501
656
844
444
988
145
138
921
529
951
499
878
489
9
859
940
391
221
504
801
517
392
119
309
431
966
950
857
858
697
64
359
353
260
155
694
757
645
615
286
949
466
516
790
475
375
730
219
597
586
20
466
978
491
776
761
809
78
971
667
775
35
378
481
295
886
175
52
531
142
691
832
608
207
622
83
583
704
302
532
290
675
998
269
518
126
382
328
204
353
995
332
388
726
813
35
612
340
440
143
482
483
328
442
42
950
525
977
655
180
509
297
207
860
566
725
986
301
53
191
654
401
523
395
127
688
782
91
380
222
586
214
705
914
656
100
865
533
77
872
65
587
169
272
799
88
350
785
389
755
328
395
156
203
790
635
891
573
726
623
147
313
837
853
227
845
305
444
379
382
668
444
969
190
69
120
278
419
906
19
174
586
414
683
790
205
670
33
130
749
657
277
62
846
482
641
692
787
438
423
170
106
867
491
296
288
612
926
59
870
945
586
456
712
269
598
269
291
632
399
40
641
28
454
839
511
448
531
650
886
306
172
344
526
664
993
814
628
271
874
498
569
460
306
281
81
257
550
372
241
301
765
882
681
219
73
544
19
957
195
905
263
367
602
789
383
947
956
11
218
830
861
787
642
520
68
75
777
970
799
18
623
564
252
305
136
325
849
155
282
396
413
546
116
367
687
499
314
643
863
532
825
724
320
819
596
740
894
373
63
46
391
686
610
995
343
98
321
545
606
955
941
19
853
57
386
541
909
700
184
772
584
362
496
256
181
93
997
76
818
412
474
562
450
84
557
794
535
230
339
141
186
632
160
39
42
898
580
951
950
117
723
534
479
571
791
12
16
140
440
835
552
914
749
2
351
658
148
886
889
839
27
427
472
539
466
866
789
399
817
739
868
892
625
699
463
768
711
832
908
504
667
812
418
768
167
769
426
315
7
315
155
34
94
979
925
561
845
66
312
14
157
180
906
783
231
721
903
942
553
812
446
572
976
217
340
143
986
119
811
346
786
318
732
881
297
658
442
494
76
106
508
234
286
766
369
869
487
272
811
393
436
610
965
413
179
306
908
517
777
719
863
563
389
596
444
686
606
238
532
682
344
392
268
630
158
637
499
998
262
663
391
698
625
356
463
156
14
372
673
143
443
537
707
833
485
151
871
91
390
756
125
734
148
394
717
659
31
568
657
645
583
400
344
560
108
807
716
475
531
390
618
327
279
325
512
764
829
383
855
219
491
980
305
640
374
22
299
758
943
308
403
526
60
99
87
520
259
803
995
790
545
966
469
824
643
981
588
472
717
443
691
208
776
349
200
502
371
851
260
666
511
16
193
571
467
632
92
726
787
439
869
333
405
338
157
49
672
746
521
741
541
565
949
317
914
502
172
637
353
784
304
865
800
849
788
620
481
880
346
268
672
215
953
429
906
111
478
930
209
352
671
102
269
972
772
535
474
944
524
828
728
828
45
881
29
833
501
510
66
199
131
738
767
84
519
673
547
998
955
108
702
626
211
323
598
983
858
425
279
382
605
7
563
650
888
592
835
741
455
901
941
938
991
60
374
511
733
922
861
40
30
915
666
593
238
616
928
96
41
207
830
646
215
393
296
455
338
484
549
793
385
490
83
729
550
457
592
635
731
453
27
114
368
693
707
606
309
636
54
703
195
884
349
410
630
998
218
968
482
767
113
219
609
548
948
511
5
892
498
737
345
525
203
65
570
910
23
879
898
77
934
94
314
636
856
944
634
426
264
468
545
729
39
506
277
340
17
634
232
867
723
578
392
926
995
962
837
19
194
87
448
128
533
762
116
742
58
750
520
674
570
66
755
610
572
32
950
942
19
534
809
742
112
202
669
460
516
858
479
710
945
927
191
831
42
307
925
452
410
445
479
332
511
234
294
436
619
596
378
638
131
187
380
243
741
49
703
258
259
534
320
557
814
511
388
208
171
313
660
933
758
139
265
622
374
560
58
993
508
788
983
639
975
363
235
717
765
290
975
24
825
647
581
639
159
321
847
682
986
859
967
745
999
232
719
725
144
129
70
653
917
53
644
892
768
879
961
533
170
288
910
995
936
843
986
447
165
185
481
151
44
448
248
395
32
319
472
177
448
894
182
365
299
826
610
68
58
571
953
228
212
863
575
148
707
561
947
224
98
428
375
494
876
976
242
908
295
714
437
744
961
971
461
260
150
71
328
208
995
282
436
207
145
11
707
204
924
654
428
22
82
156
516
310
132
758
218
427
825
656
523
786
979
985
46
129
408
375
337
403
9
773
962
506
136
669
711
60
323
491
434
757
647
951
67
779
61
638
559
886
646
82
672
625
419
71
755
828
446
92
583
807
218
546
313
706
215
24
767
891
868
553
0
515
504
420
647
566
58
558
804
704
992
829
681
412
900
788
592
698
233
175
505
451
721
818
509
289
195
628
180
63
182
532
578
686
952
577
604
10
135
761
66
128
590
748
540
490
888
484
188
121
659
45
572
381
863
434
670
410
62
202
473
244
734
404
283
39
981
887
49
469
0
468
597
590
568
489
432
456
973
972
578
632
17
502
365
233
936
387
643
999
941
117
595
28
873
878
67
206
118
468
675
118
936
624
709
504
465
493
313
438
466
891
423
835
745
140
68
682
880
712
33
173
181
628
201
406
507
620
612
977
89
640
95
377
616
156
234
82
650
547
872
468
790
647
303
535
788
724
569
20
788
602
193
969
583
747
727
442
367
691
419
456
331
514
834
948
23
420
30
673
967
254
493
757
902
148
644
42
872
214
62
660
816
607
981
751
354
708
193
722
400
612
530
83
479
364
383
502
136
765
527
103
20
20
212
922
168
857
316
41
71
730
53
239
337
35
991
692
95
184
766
847
797
296
931
276
13
314
130
149
432
657
253
452
677
465
726
197
322
42
590
745
124
644
985
461
31
976
505
126
160
271
974
309
568
257
937
581
923
67
730
355
724
335
159
753
153
885
951
827
279
541
573
755
537
558
217
568
886
722
695
46
994
21
708
914
630
645
847
553
713
577
261
789
265
420
543
418
658
494
245
289
387
170
45
925
80
614
493
966
688
540
365
34
913
73
948
543
70
795
449
783
725
710
925
990
482
468
408
492
314
5
134
701
176
179
978
256
145
824
575
833
364
940
868
630
365
816
173
435
964
974
571
689
36
496
679
519
316
439
363
630
796
497
331
324
28
310
933
173
134
508
7
850
800
227
480
517
43
6
952
359
332
875
48
369
723
79
888
39
870
603
669
19
101
353
343
129
663
628
303
149
136
662
351
288
889
832
805
284
190
110
644
522
985
692
243
709
124
483
100
994
87
770
365
188
123
709
317
138
337
972
287
826
986
638
466
875
822
272
160
364
382
156
239
719
200
482
780
324
966
881
671
53
3
36
241
126
97
910
616
435
235
903
613
221
893
79
449
68
703
961
784
437
117
23
157
317
858
289
994
824
522
17
229
525
405
822
3
503
732
619
290
319
874
903
541
120
334
990
188
38
951
972
475
420
348
984
89
206
274
83
30
796
452
611
322
858
433
325
361
517
297
651
837
171
906
378
643
240
720
831
630
23
156
106
795
504
90
884
62
364
320
92
513
772
703
835
630
488
512
343
5
161
346
842
685
252
572
328
845
292
160
475
667
668
581
462
524
24
699
586
740
19
30
253
143
85
88
126
573
953
469
578
466
816
421
151
420
993
480
265
638
992
93
657
660
674
472
536
50
171
122
791
542
152
44
37
237
485
163
810
438
633
388
256
801
161
408
573
507
888
839
497
880
932
154
892
958
978
428
9
501
550
800
43
54
196
433
291
681
596
453
471
581
841
728
734
355
136
308
862
376
499
359
608
431
865
500
741
196
280
102
697
182
254
93
236
451
526
879
484
122
332
956
56
173
36
790
880
172
98
742
548
597
453
156
380
671
8
474
867
288
576
564
822
183
657
58
634
535
937
470
658
269
426
66
794
462
856
675
986
955
769
886
904
223
394
285
246
402
759
113
42
687
29
864
870
39
274
856
574
211
327
584
832
105
650
627
920
507
654
906
814
423
145
718
998
539
3
244
294
114
357
688
802
739
553
24
778
179
881
352
743
560
937
575
665
587
554
937
446
208
196
260
984
341
979
334
232
982
579
526
449
288
215
251
27
120
275
805
299
508
510
394
420
447
970
438
386
876
375
833
437
571
93
421
264
424
755
497
759
686
375
208
975
942
811
354
62
86
512
714
947
22
108
367
821
430
805
207
307
533
392
744
104
838
517
721
262
272
218
21
311
945
229
638
888
40
992
950
479
856
16
778
878
477
497
699
907
303
259
566
188
651
310
644
841
827
365
104
452
935
477
763
881
59
753
769
99
745
71
930
954
88
708
832
565
558
884
824
861
495
391
401
498
53
45
340
881
411
444
685
346
273
448
227
332
201
996
784
298
68
714
252
508
775
437
425
333
673
249
546
168
992
947
666
46
992
6
927
403
802
964
102
428
764
329
760
965
678
544
615
746
259
220
606
386
9
31
719
682
280
617
202
625
564
868
671
908
227
950
664
381
914
766
809
678
447
570
995
125
466
610
223
77
182
829
463
191
860
534
225
493
151
427
118
67
648
789
976
227
739
640
608
653
406
770
683
853
692
678
331
158
640
554
236
823
384
51
366
244
586
944
737
89
723
207
157
371
996
133
598
87
773
559
740
531
329
775
736
373
453
67
531
94
622
119
269
6
171
987
602
109
283
692
198
7
899
355
378
248
840
329
335
613
240
428
496
921
203
233
294
657
652
177
103
274
297
372
632
820
711
587
281
995
279
479
2
530
187
732
778
27
413
114
993
653
542
841
926
745
426
220
754
79
398
857
705
47
581
690
867
645
277
148
640
908
979
994
438
166
726
569
546
492
683
539
497
577
732
424
674
159
644
429
238
394
638
943
441
572
985
660
217
262
808
209
522
140
203
961
658
281
530
204
125
565
95
623
142
828
47
168
339
43
949
577
438
588
872
879
512
858
540
81
472
700
290
995
192
845
308
203
478
190
407
604
755
855
227
249
35
626
417
374
669
367
303
459
307
527
691
171
385
231
252
210
283
894
205
828
739
513
31
217
55
790
173
810
997
400
411
384
26
828
110
48
547
413
507
206
941
198
377
678
781
981
888
417
875
445
597
966
310
628
536
365
418
709
175
768
462
938
152
840
767
263
888
666
28
748
873
969
298
602
0
80
584
888
849
811
686
446
778
996
426
666
362
196
375
889
964
837
828
117
678
947
732
918
965
760
666
190
730
317
793
82
749
729
970
598
540
656
396
670
5
822
336
367
18
712
608
983
901
436
452
931
383
184
202
701
944
220
891
26
537
684
108
286
413
431
884
306
439
632
976
444
454
665
163
825
729
772
808
982
208
612
914
944
796
116
645
92
336
536
471
874
573
931
512
338
362
749
996
154
381
325
950
188
990
114
13
719
886
173
701
446
785
967
742
933
435
739
377
124
628
848
350
201
780
862
891
494
611
888
0
993
213
951
181
203
65
194
274
303
719
327
101
504
647
844
437
82
935
166
558
563
15
908
116
147
771
8
641
382
896
642
727
461
593
260
16
10
806
290
665
525
969
766
29
968
962
818
403
898
985
961
461
352
870
578
499
993
586
140
727
834
134
455
295
79
715
663
441
522
305
106
47
274
225
429
595
187
599
998
85
584
311
899
936
181
829
787
526
767
280
254
601
414
61
248
846
128
911
639
650
568
746
50
842
323
831
789
510
430
787
948
367
99
199
655
632
28
443
159
795
723
765
748
489
826
348
687
954
611
327
957
179
425
359
373
748
190
163
610
972
302
910
339
753
109
995
386
137
790
897
284
865
14
32
706
840
380
394
146
991
73
455
522
498
814
896
598
356
59
560
329
361
471
668
115
932
15
853
70
157
102
706
22
116
739
729
308
471
475
806
815
548
262
337
398
76
585
996
433
644
908
114
358
379
134
825
312
502
678
734
659
132
440
682
248
531
763
908
355
238
714
170
138
976
859
536
405
445
884
190
441
792
304
799
524
438
624
836
940
654
922
952
138
362
634
738
246
749
646
601
339
713
123
477
689
982
13
446
779
897
636
221
41
940
20
565
731
997
753
23
3
675
975
142
390
961
880
636
710
879
237
49
592
712
878
633
694
891
80
474
140
68
47
534
9
419
99
92
416
853
115
772
528
443
914
918
404
146
906
467
377
495
516
969
207
747
955
902
990
35
728
131
103
775
665
464
194
116
908
963
969
24
735
850
467
1
120
871
499
27
690
877
522
207
198
730
306
153
984
296
188
64
779
644
191
796
460
737
913
369
52
234
393
139
436
212
140
557
435
992
936
126
869
458
685
419
540
991
573
876
287
113
940
67
109
483
215
570
221
128
939
273
363
684
765
799
248
905
708
683
249
644
161
470
455
198
890
995
189
463
224
829
928
516
248
38
0
463
608
573
944
899
198
659
583
963
810
183
221
519
866
470
163
380
941
618
578
831
966
120
646
190
301
574
706
901
964
58
364
572
631
660
471
830
319
406
793
130
589
14
649
808
485
164
188
778
135
118
961
101
238
959
643
891
885
701
792
850
760
509
422
391
169
246
573
489
4
367
619
594
733
620
754
570
784
942
348
919
412
661
372
3
620
15
894
506
69
687
708
829
196
130
572
717
728
146
206
733
865
177
679
598
797
433
521
582
727
221
853
139
883
226
142
855
593
389
713
662
428
421
843
976
552
768
693
632
266
900
717
131
429
396
81
227
829
602
161
556
176
14
48
59
592
542
914
186
931
628
200
359
49
396
687
953
164
381
938
430
633
655
913
62
52
994
641
881
949
802
790
125
817
838
536
409
380
802
947
312
430
500
23
832
896
63
137
412
444
75
842
429
731
755
843
135
101
485
368
402
639
158
879
456
996
415
218
729
570
517
393
0
17
768
184
265
831
674
677
627
749
871
408
832
978
252
967
80
89
688
834
728
846
66
537
195
833
107
924
403
624
669
756
994
437
940
259
269
614
289
248
716
160
657
900
139
261
220
571
350
908
405
430
754
823
319
301
657
426
225
60
403
246
816
397
684
757
8
305
723
297
553
791
810
210
692
949
823
912
872
173
820
629
956
926
453
275
228
110
54
805
170
457
52
987
206
736
96
566
393
171
864
946
963
26
509
655
975
332
567
847
858
739
476
814
665
929
441
245
391
495
403
562
304
455
549
862
543
997
429
936
168
645
234
131
671
743
138
998
76
57
845
286
148
673
100
166
955
893
411
346
741
814
908
45
621
809
260
516
158
689
804
327
334
39
810
5
782
301
3
210
358
200
496
859
225
948
25
180
842
436
879
935
603
139
332
576
949
592
93
459
281
897
138
967
936
949
324
71
602
679
633
312
231
482
171
457
782
196
989
976
985
868
911
940
8
244
516
309
188
609
768
822
859
907
789
147
208
466
570
162
145
204
474
729
38
646
186
820
194
527
797
179
396
60
471
756
304
988
417
493
949
537
315
808
796
456
956
356
274
526
518
420
82
345
501
120
343
39
293
537
566
90
69
314
150
540
422
807
528
839
652
830
377
319
638
525
775
946
882
402
473
400
174
907
97
675
28
440
714
321
978
280
763
399
947
265
939
369
72
820
561
724
650
290
43
640
815
171
587
697
573
412
450
747
319
547
774
699
340
488
20
318
120
135
69
67
401
8
789
473
180
350
550
182
640
945
175
455
468
762
505
41
174
307
140
845
206
914
545
546
754
565
216
875
53
285
294
454
646
83
279
178
433
829
361
425
775
888
233
243
650
738
637
176
397
129
21
603
396
566
502
150
484
718
25
537
356
672
343
2
755
622
180
541
804
893
966
579
781
199
174
783
289
163
959
686
293
333
642
689
251
144
839
87
214
217
624
570
889
319
572
996
942
105
537
98
350
856
677
484
55
203
267
697
719
579
383
12
264
377
53
515
521
244
603
88
813
579
658
54
251
583
51
545
40
940
643
390
796
672
226
204
875
494
901
594
425
636
958
689
14
11
556
887
608
511
975
421
91
634
476
694
569
879
239
609
819
882
351
616
554
578
172
781
424
73
728
849
61
686
890
75
50
798
963
658
310
290
431
753
276
907
447
845
786
686
806
958
568
158
926
474
736
98
255
512
523
335
361
584
22
603
660
424
401
975
434
711
617
865
816
894
125
263
739
263
949
546
221
869
56
147
695
144
245
951
656
120
286
369
705
660
972
717
436
725
44
870
789
661
88
605
555
565
869
647
828
170
545
402
392
601
549
87
97
147
390
105
267
677
474
324
689
798
41
126
875
85
348
664
99
436
270
654
1
491
653
182
661
198
584
405
151
485
493
248
984
883
353
252
912
179
928
954
329
970
80
205
407
780
869
506
217
139
513
570
982
166
104
996
717
40
401
868
526
894
469
510
130
174
114
42
706
395
996
35
365
428
240
772
209
110
631
778
601
144
700
936
662
157
932
379
197
333
600
75
580
421
938
710
947
404
104
653
799
453
41
164
881
281
289
442
743
920
220
697
416
273
633
430
430
565
162
627
250
762
703
830
535
641
540
834
45
645
840
845
98
881
361
331
514
650
774
610
922
346
659
690
619
292
121
401
209
283
381
459
397
84
642
284
77
182
118
474
179
958
671
629
191
385
313
706
387
439
316
310
785
327
352
757
619
825
510
180
460
891
991
857
327
633
493
756
168
964
231
699
274
254
681
466
639
994
524
27
785
192
689
570
519
393
679
138
219
190
670
679
433
13
889
761
647
734
517
167
698
100
218
973
707
899
439
346
245
963
725
30
155
766
953
26
160
984
516
731
526
186
762
960
199
651
721
198
386
238
717
436
691
936
409
398
187
200
96
785
515
822
167
22
940
120
48
452
457
564
183
983
750
946
943
302
949
664
500
687
255
570
124
298
506
885
696
693
86
792
830
601
966
998
624
907
470
24
711
927
589
895
911
691
193
206
993
142
223
846
830
478
416
306
128
274
191
824
319
277
968
150
231
287
500
207
546
970
231
257
898
172
152
161
864
345
367
209
840
590
407
22
420
175
328
548
801
519
724
121
149
693
623
732
980
123
939
526
93
522
783
343
695
288
504
559
985
224
120
825
814
880
199
587
55
527
135
857
399
860
330
900
905
953
632
237
428
923
763
521
445
898
217
140
186
73
51
172
297
524
349
464
404
901
51
459
428
538
668
179
750
998
431
655
951
415
892
379
338
7
253
784
906
470
276
444
895
680
968
193
204
670
657
608
571
60
67
351
950
88
531
701
86
314
708
390
730
953
121
420
312
726
556
218
548
833
15
444
865
983
637
69
653
646
677
576
58
96
928
8
184
811
61
623
125
122
13
207
75
134
628
387
861
184
958
409
369
325
853
234
308
842
303
314
488
332
242
898
781
170
259
965
981
320
588
459
442
953
18
869
88
646
609
301
183
919
62
904
244
916
139
904
110
794
570
951
479
813
849
260
983
108
577
317
781
166
128
575
119
146
445
559
793
406
212
328
325
275
232
921
543
371
825
653
518
748
604
997
561
806
609
896
914
186
213
695
352
341
623
824
840
68
735
633
826
948
313
503
223
545
424
118
269
601
771
139
349
728
136
910
534
745
807
800
931
372
848
636
66
471
812
906
539
547
891
717
847
204
220
422
101
996
540
370
597
312
509
947
40
997
209
926
94
368
726
378
93
574
14
511
45
178
417
936
77
660
653
925
216
225
347
317
221
888
40
819
552
901
118
944
899
679
870
345
48
948
723
493
523
89
4
920
619
773
857
697
433
862
622
649
88
321
318
309
561
710
128
113
612
598
409
863
278
279
208
678
228
284
171
103
725
175
23
345
300
880
42
733
743
16
734
831
337
404
492
899
115
621
12
727
219
422
942
849
53
150
527
633
786
698
736
512
225
760
209
877
992
251
610
87
267
696
270
604
101
763
855
568
384
868
295
955
642
237
805
47
739
684
681
878
735
769
390
312
881
951
190
874
202
800
961
821
849
584
777
302
347
633
870
83
853
517
38
847
106
195
894
197
880
927
75
615
697
817
927
578
768
117
452
970
270
766
143
471
350
921
773
49
554
995
132
407
512
170
254
618
718
500
167
950
428
243
565
125
60
844
703
829
314
508
151
936
626
647
407
328
568
532
377
474
527
861
881
391
383
487
361
101
987
528
51
767
771
968
892
184
165
948
365
479
808
868
767
786
515
526
114
435
58
843
909
937
704
790
328
87
629
689
541
969
569
944
736
341
913
629
877
78
929
242
909
737
462
676
523
978
202
989
413
612
184
323
549
240
465
229
327
447
918
220
416
839
165
152
532
78
133
409
508
414
3
769
151
466
797
26
444
351
15
209
963
199
884
864
439
350
93
119
797
363
691
213
202
856
717
735
286
203
496
146
617
500
915
121
966
712
147
762
63
515
971
378
66
856
242
858
558
335
329
355
698
20
920
253
877
989
988
515
192
484
662
162
336
929
283
302
994
430
64
409
945
388
788
12
596
30
870
154
718
199
861
768
571
133
21
800
122
361
316
667
198
330
829
534
259
112
189
605
894
605
15
192
993
803
204
941
185
426
95
903
977
956
24
900
441
397
701
564
759
369
583
957
699
412
843
310
876
32
916
770
638
931
962
983
86
518
925
271
296
20
527
625
329
551
526
770
948
579
686
59
948
269
16
647
33
212
309
909
244
225
32
234
508
994
218
594
865
495
866
161
515
745
139
196
296
17
319
596
596
357
656
544
627
24
543
12
236
852
922
833
430
954
67
290
300
637
885
165
132
103
679
0
200
170
548
496
187
219
92
783
577
748
327
556
773
222
568
361
74
842
194
856
796
614
147
449
603
384
614
88
839
645
440
39
815
988
887
2
560
979
137
489
80
464
45
205
38
965
566
465
808
113
321
956
727
820
405
682
556
372
770
395
369
210
786
185
551
673
539
111
5
677
600
437
493
997
642
532
314
560
997
474
673
670
783
752
491
188
787
47
912
557
795
282
120
581
819
671
607
358
134
612
35
86
401
529
83
43
413
397
955
410
224
981
80
7
85
923
547
872
971
460
430
766
94
902
699
913
573
306
623
59
270
659
145
23
540
228
418
953
977
374
715
553
355
147
560
440
71
108
665
42
920
95
160
14
349
211
279
922
870
254
333
492
265
478
516
805
58
934
110
387
660
177
941
367
325
501
160
748
609
825
142
881
272
654
247
621
865
878
895
87
133
228
580
398
706
448
556
764
734
18
151
395
196
444
762
873
946
274
621
907
99
115
789
371
769
388
992
634
267
887
74
400
115
654
150
173
454
706
289
188
77
441
583
625
885
698
850
183
972
823
443
424
938
584
147
707
972
140
693
239
379
767
991
847
421
142
372
875
200
662
416
629
103
351
254
340
401
104
876
726
927
319
150
865
903
297
572
875
789
266
467
521
33
810
368
807
304
740
34
505
754
450
134
857
802
741
550
555
845
778
281
125
97
431
990
352
81
915
579
870
533
398
391
566
209
111
725
513
204
760
18
958
562
505
168
716
598
70
272
443
848
553
568
297
337
911
1
770
826
580
992
359
979
384
277
540
847
355
53
403
467
424
714
29
281
234
98
879
304
370
674
504
275
243
153
964
506
506
734
684
438
727
43
417
463
672
309
662
379
363
418
846
787
132
876
68
366
974
299
22
696
973
878
323
216
383
288
74
889
374
758
327
453
153
97
916
178
406
931
557
769
349
404
908
833
280
328
551
606
627
925
654
601
803
329
169
186
969
244
427
344
2
754
797
156
203
66
334
610
349
243
731
50
647
640
883
279
968
434
237
596
359
891
197
514
221
366
52
190
962
831
886
965
585
36
473
141
454
159
751
155
402
482
205
402
474
88
681
795
874
919
743
585
162
940
451
735
658
855
278
973
686
164
938
271
552
763
412
358
274
515
513
28
350
718
430
176
158
112
971
384
383
714
321
545
6
772
633
17
627
911
990
313
427
280
937
332
43
701
690
669
569
204
697
919
274
128
95
433
592
419
817
975
133
491
872
140
263
505
509
243
768
499
908
196
779
845
528
174
899
218
195
468
774
892
739
49
372
834
482
964
605
651
291
739
142
164
231
758
21
92
1
790
591
909
338
722
107
866
248
6
436
443
826
211
687
565
612
60
751
94
376
357
97
668
448
592
184
679
702
557
771
55
347
714
964
685
788
423
903
36
781
340
831
607
903
518
172
515
930
924
961
307
633
410
327
81
354
511
112
56
68
235
111
768
949
428
805
737
851
709
125
985
401
956
592
656
826
117
171
757
41
484
64
26
246
743
107
601
254
219
9
674
454
121
794
755
549
600
844
752
309
969
737
62
277
330
718
103
799
241
860
840
77
276
218
323
19
325
276
625
544
286
652
350
407
446
457
308
46
301
60
707
622
150
769
899
832
839
2
631
80
215
823
509
491
41
833
863
366
461
488
262
747
492
964
506
939
421
814
337
722
227
45
696
729
166
595
561
358
949
192
790
164
367
300
8
408
485
223
126
946
63
740
694
556
704
200
495
477
367
832
551
594
229
247
675
748
842
236
458
143
780
248
660
147
548
20
907
33
243
33
980
306
125
26
862
829
226
709
658
945
894
209
891
475
456
566
575
650
802
33
793
934
282
453
81
182
473
340
216
68
725
548
375
850
574
589
31
152
299
689
98
545
898
989
20
706
556
596
356
710
629
502
645
263
955
726
446
781
419
662
849
144
562
576
995
136
518
26
640
817
68
738
714
966
728
734
25
636
330
381
346
312
883
991
575
191
70
21
324
489
35
525
985
597
102
980
85
620
359
726
789
427
816
503
745
896
589
770
532
272
504
231
584
739
574
511
282
996
533
606
837
920
132
823
870
586
803
307
558
514
385
699
941
202
554
39
450
143
161
983
415
665
566
351
757
140
863
39
137
748
646
974
20
130
149
242
68
305
550
626
819
935
325
113
489
879
152
940
374
313
275
790
331
841
493
88
333
708
479
470
808
477
797
829
607
946
71
27
251
973
653
423
261
978
536
750
209
40
42
584
353
317
726
36
510
571
476
844
280
956
666
88
433
815
269
393
762
693
420
365
666
426
788
927
756
676
30
966
716
424
902
422
94
628
458
604
199
935
800
831
243
467
920
28
634
189
773
396
234
194
114
901
972
254
180
728
931
562
694
647
987
948
69
81
576
880
37
128
167
190
959
410
9
231
438
643
773
564
392
7
758
506
908
82
760
441
810
43
3
857
43
342
805
464
775
382
344
813
862
511
355
821
273
364
53
64
7
826
628
399
185
738
257
94
820
370
887
630
413
890
487
808
233
293
273
8
27
617
173
889
481
528
62
754
244
467
818
252
293
446
3
831
184
261
925
4
631
812
987
396
54
474
205
639
119
478
648
146
447
173
387
928
54
450
683
298
917
853
550
563
300
906
394
836
167
671
193
150
835
180
898
889
6
103
881
478
933
529
976
381
54
364
309
108
166
344
407
435
198
309
350
850
567
96
38
734
767
231
236
954
763
135
196
122
590
77
600
524
958
576
257
12
292
566
473
458
263
232
246
813
541
596
663
461
693
701
195
812
285
784
119
48
919
315
170
861
744
122
385
702
699
642
66
991
561
539
802
824
771
48
989
665
996
652
126
689
705
673
854
990
809
973
391
80
640
913
942
384
36
327
438
87
322
856
430
883
748
232
59
871
632
48
888
629
52
366
318
109
40
524
100
201
849
843
282
489
756
224
225
144
903
15
231
225
224
662
460
972
246
871
843
879
271
732
508
675
450
178
785
490
703
237
44
552
80
326
394
188
550
971
685
453
987
916
31
563
930
843
535
177
715
730
56
338
462
916
14
913
94
151
755
149
388
799
54
820
477
800
360
27
771
45
833
110
962
216
673
244
59
208
421
126
939
829
817
753
745
831
18
192
334
126
341
722
277
747
894
755
547
254
134
671
300
967
781
262
535
807
506
595
367
280
73
658
109
890
764
207
73
134
751
407
260
92
481
538
192
375
645
91
630
779
762
282
99
896
896
634
703
402
581
422
34
7
81
496
897
845
55
323
979
806
82
592
250
564
482
442
291
479
534
273
258
648
555
709
544
451
696
247
206
629
22
240
636
103
88
886
300
143
209
631
949
291
575
200
207
57
994
499
888
880
772
147
529
680
208
73
131
904
673
337
534
695
930
522
150
370
408
802
514
617
785
815
261
361
367
468
770
362
319
659
594
92
158
123
124
366
197
255
623
222
945
509
269
227
31
419
597
792
573
463
409
358
279
22
71
646
491
842
360
810
853
955
254
11
78
378
729
627
986
704
201
283
213
470
510
597
889
107
389
814
571
150
173
202
173
244
848
16
438
561
826
643
516
433
654
946
163
736
926
149
792
127
432
6
598
294
955
839
402
696
654
325
846
179
527
371
775
727
387
214
288
566
857
156
351
864
103
514
952
29
16
744
156
800
102
106
95
57
946
849
105
952
526
304
131
53
675
906
132
415
472
421
333
330
577
684
546
32
550
498
61
566
594
570
367
697
676
814
106
974
663
212
926
541
516
409
946
543
316
78
958
788
851
291
470
781
327
368
813
878
866
227
444
461
149
163
510
825
329
616
152
344
180
78
885
48
488
831
592
156
262
902
296
113
546
119
246
873
487
412
751
354
991
196
167
140
711
29
317
41
645
469
385
178
548
623
226
388
454
170
896
716
73
192
182
619
311
780
492
799
192
244
505
183
792
24
323
855
53
641
248
50
462
986
580
362
609
807
102
415
977
998
484
402
191
666
21
854
446
866
5
991
462
862
174
606
238
850
461
291
843
62
694
305
48
274
668
657
433
770
424
763
121
908
165
664
926
539
518
725
757
876
716
219
738
242
177
977
92
638
620
287
52
666
593
100
293
613
109
726
735
534
489
856
794
7
520
721
898
391
798
655
267
514
226
357
108
403
334
553
393
307
840
446
973
785
898
618
750
8
345
486
894
186
694
688
193
567
761
443
958
559
98
577
425
676
934
886
79
621
439
825
280
279
271
605
417
169
224
167
529
569
653
423
107
700
464
301
267
577
744
577
489
195
506
914
871
440
800
303
413
591
128
693
223
399
299
640
920
523
807
802
444
813
577
551
513
41
204
132
971
301
61
460
496
567
726
719
359
879
22
125
470
502
818
693
253
469
333
174
992
141
328
788
954
905
340
819
299
896
303
270
197
364
730
45
283
456
765
994
687
139
119
158
642
290
203
895
759
537
421
104
30
749
892
336
655
584
155
306
481
810
576
30
526
658
76
809
466
193
155
154
684
627
664
326
917
867
574
676
404
995
780
434
97
25
770
104
961
277
410
794
87
338
825
613
996
901
774
462
446
282
968
130
909
632
809
826
500
383
854
904
730
987
691
179
12
813
283
973
443
45
768
882
383
945
848
731
198
974
194
644
256
162
126
165
147
935
991
647
670
846
903
753
185
594
932
197
760
568
522
555
613
642
437
349
587
285
80
785
260
626
781
868
141
908
34
288
843
377
935
866
575
838
619
760
785
551
309
897
119
832
452
85
826
889
786
766
527
866
903
787
493
685
7
634
945
41
922
140
771
209
6
698
47
625
459
184
177
120
81
648
304
533
85
131
775
871
249
302
90
152
441
935
189
448
569
134
842
843
275
613
52
281
311
451
907
122
988
436
243
69
436
899
955
874
30
730
97
279
32
187
784
473
122
973
273
43
108
115
886
383
80
290
16
392
94
275
866
82
63
461
151
500
361
458
726
743
188
823
375
220
11
159
45
485
484
319
529
944
434
767
679
515
410
696
259
504
971
477
586
35
291
89
887
652
548
613
747
88
788
122
309
151
633
706
637
470
25
518
414
812
637
94
679
47
790
290
903
113
767
489
500
58
931
739
62
831
704
810
919
493
284
580
996
270
287
633
740
664
503
506
828
493
600
507
540
742
797
444
208
917
285
60
975
568
800
390
399
856
200
319
701
836
899
698
458
538
683
198
203
539
57
31
32
657
891
572
752
40
368
312
957
6
372
285
574
524
675
974
381
227
645
434
63
544
132
874
435
168
72
638
707
481
21
739
491
264
663
243
305
32
555
614
390
279
899
964
804
926
938
537
153
583
971
569
480
456
443
915
624
867
905
331
701
278
70
192
543
85
787
200
117
694
814
507
973
66
824
129
344
762
18
850
698
990
419
530
798
214
797
422
433
702
105
134
332
527
326
227
612
113
427
82
807
594
941
133
12
765
262
356
880
281
206
578
623
977
460
773
543
257
547
977
311
652
463
643
531
142
871
143
607
650
577
415
244
519
900
608
284
514
965
164
795
523
94
770
501
554
543
396
163
90
373
474
94
189
470
625
331
693
769
938
343
346
705
940
217
605
548
502
120
865
18
267
389
113
38
242
19
933
638
535
24
364
361
118
553
831
96
884
524
865
174
868
563
880
160
781
837
708
635
309
574
653
929
315
766
319
909
138
252
547
673
628
911
34
99
816
218
195
52
742
412
227
962
327
459
122
108
296
183
95
958
109
749
887
424
867
206
333
357
458
232
30
439
496
417
538
312
635
733
717
729
497
944
44
824
755
166
933
403
701
380
361
810
129
248
586
349
806
271
706
617
504
737
56
352
506
946
664
493
31
733
222
528
677
266
352
432
785
637
188
486
18
549
297
147
150
883
496
308
155
203
925
11
292
333
363
150
279
379
643
310
113
865
838
142
484
543
927
269
180
115
755
198
664
404
698
166
288
194
475
795
749
400
158
393
86
521
543
365
252
186
28
365
404
218
860
888
761
787
157
942
902
264
492
918
669
190
437
309
385
912
456
486
664
614
880
750
487
775
468
739
962
848
457
366
66
317
606
828
104
763
122
358
27
614
276
48
805
713
357
542
977
165
380
642
779
260
744
618
388
564
358
350
412
167
68
479
484
674
659
940
789
133
298
168
747
926
217
904
992
926
446
321
92
827
315
223
439
60
842
179
976
552
529
389
719
949
220
203
975
879
495
116
12
793
285
111
71
854
16
415
780
814
737
224
993
52
448
433
464
290
612
441
194
494
830
913
795
50
468
123
281
963
239
293
108
524
756
179
378
772
595
511
587
332
735
932
736
535
717
201
177
682
642
371
176
472
636
323
874
104
446
155
67
38
800
175
562
556
707
293
681
654
156
620
338
243
552
74
131
270
275
308
952
269
32
480
93
668
155
967
773
954
474
192
992
626
720
906
535
779
551
216
433
707
188
771
303
92
197
434
362
825
742
666
94
774
498
540
795
654
507
568
960
334
112
952
960
832
858
495
611
410
63
44
469
603
167
772
696
717
206
410
542
301
77
988
427
927
528
222
933
388
142
893
74
255
845
386
87
56
882
51
818
297
447
639
901
615
412
597
684
970
7
578
623
436
566
51
716
447
625
649
187
768
543
613
375
740
999
814
148
233
865
318
531
313
958
784
280
722
733
964
44
92
542
668
529
460
719
597
259
696
246
446
816
141
59
191
234
59
6
734
292
871
53
175
536
363
959
816
85
692
132
129
785
26
797
666
487
868
263
746
917
861
545
733
355
604
925
589
15
283
323
660
154
728
187
43
91
499
859
176
543
344
658
680
370
807
346
857
28
961
956
945
175
501
678
530
457
955
119
825
238
794
837
745
523
24
788
614
875
999
791
419
343
801
99
66
608
798
275
636
111
231
933
286
84
612
816
894
919
287
71
158
82
908
255
605
284
43
219
160
394
362
579
738
163
30
156
772
828
431
760
940
15
694
226
451
658
395
345
577
682
768
87
764
676
342
369
961
737
941
473
132
303
404
222
819
434
378
943
263
161
703
555
176
749
781
980
407
176
325
337
211
94
424
975
122
119
345
435
856
638
908
988
941
664
210
760
99
588
703
714
750
759
269
278
508
402
258
916
931
936
605
142
382
29
469
856
148
814
292
5
804
552
993
746
217
556
858
668
496
914
382
598
25
3
877
533
405
487
801
688
775
406
182
157
788
652
14
936
466
658
293
623
562
639
369
779
195
579
799
691
845
181
642
870
184
519
756
942
358
557
630
134
316
813
643
104
465
9
392
283
667
38
906
230
29
627
361
224
559
161
267
404
694
909
627
231
780
383
173
139
292
155
625
608
320
268
64
137
278
809
773
297
847
679
527
876
659
241
452
570
754
71
974
448
333
601
31
465
336
204
956
629
712
581
589
32
850
654
170
128
815
943
425
662
974
305
890
985
898
694
555
4
117
882
452
802
483
484
268
172
40
224
801
752
158
390
137
8
396
307
488
211
602
265
225
928
922
467
914
172
513
469
176
983
351
981
785
187
817
405
359
857
982
512
962
140
254
99
500
651
758
340
214
360
957
440
288
232
259
554
404
773
24
581
756
727
914
893
914
731
299
625
940
281
137
902
421
744
353
273
395
111
613
961
823
922
401
464
154
13
18
559
786
394
492
894
122
406
787
388
489
86
14
429
719
503
332
492
247
685
765
994
149
730
956
324
653
709
788
807
722
159
718
860
553
210
106
27
968
894
416
457
332
782
887
404
637
571
896
237
608
662
583
109
744
539
434
397
601
574
205
675
733
275
888
639
486
994
18
806
240
786
264
925
568
503
329
558
426
225
795
34
239
378
496
984
270
930
381
223
504
938
898
590
214
786
229
52
781
247
858
21
34
474
946
954
329
627
512
755
853
659
142
92
390
638
76
660
920
810
883
424
748
133
14
314
920
595
366
53
843
577
74
229
403
373
535
733
352
48
840
205
59
982
650
449
972
78
461
892
888
696
669
989
830
35
655
750
631
22
803
826
951
229
55
354
954
590
439
307
990
280
864
50
614
514
851
587
945
313
831
833
361
852
174
191
888
830
293
519
204
448
345
155
30
752
861
336
694
301
995
685
581
860
87
547
726
290
486
671
955
318
857
317
522
31
860
410
213
154
929
417
954
626
924
984
378
786
321
425
439
668
462
372
528
549
919
607
191
406
630
147
76
487
816
598
871
676
361
84
182
290
502
137
269
778
473
999
564
794
424
355
463
886
727
343
787
999
302
979
405
933
478
833
420
646
783
291
322
144
728
857
787
582
994
56
360
467
55
277
614
832
632
429
718
712
124
506
711
427
837
468
712
667
301
132
313
436
776
987
933
856
844
720
438
190
128
798
10
183
75
624
15
60
405
86
772
881
592
483
308
781
951
372
448
604
505
761
392
633
748
325
489
945
45
927
135
173
77
145
709
505
121
76
917
526
162
689
408
106
524
68
239
827
441
687
783
298
800
175
283
549
501
772
846
898
51
981
424
480
127
485
985
248
561
902
127
76
943
887
534
467
307
774
646
100
461
429
398
614
957
33
515
810
157
361
708
208
342
484
41
821
969
26
70
883
281
549
311
576
436
845
396
743
619
42
844
433
824
594
47
781
628
914
943
785
275
651
346
617
488
739
439
809
117
861
692
398
410
355
975
198
201
723
293
172
765
489
605
941
84
4
74
64
918
17
201
545
21
899
163
509
638
954
318
756
167
363
506
929
718
833
127
271
556
772
444
674
262
401
615
698
758
690
114
28
707
667
574
728
567
89
589
205
43
260
313
562
623
820
491
693
5
970
965
562
742
761
236
356
162
203
406
920
893
520
949
953
188
875
681
107
964
623
664
359
883
978
921
858
150
412
551
155
734
868
69
828
629
305
185
144
509
943
64
754
464
365
707
4
240
741
111
556
364
127
915
247
105
836
105
607
600
8
115
334
877
184
515
858
842
52
2
703
995
419
457
811
136
165
815
377
258
278
933
622
406
201
221
863
37
326
471
638
686
586
324
563
122
191
422
964
243
776
667
239
195
477
50
332
994
218
61
252
496
346
874
254
547
95
118
585
773
941
575
459
879
251
375
1
443
149
318
38
925
985
277
121
462
680
805
808
898
866
60
394
564
286
1
112
733
119
49
858
412
976
318
291
579
45
292
374
194
610
413
119
948
690
592
762
370
397
571
268
615
983
15
180
270
368
292
3
487
693
862
899
669
532
190
248
577
834
623
123
797
36
242
97
78
187
859
801
584
782
421
552
766
436
732
36
804
376
391
643
69
605
894
90
137
436
690
66
623
313
189
420
701
784
517
132
971
728
933
907
511
354
459
277
143
543
665
299
919
56
295
340
14
189
782
503
978
473
570
601
138
111
21
192
895
890
324
866
618
257
126
481
963
585
758
106
481
775
758
400
184
53
93
198
242
875
701
572
700
271
173
839
735
546
31
630
436
707
849
407
964
975
888
279
912
999
738
393
774
496
146
958
549
591
156
143
818
210
716
519
833
241
358
568
788
741
199
576
448
400
983
764
727
224
43
639
575
133
385
349
629
883
660
530
826
168
674
644
378
742
515
212
983
225
780
771
966
331
700
766
731
35
530
458
259
926
450
834
59
187
536
689
422
196
219
248
364
245
244
743
987
760
307
323
337
87
446
304
419
146
70
150
182
953
961
441
879
411
628
290
598
516
331
372
712
903
620
428
148
216
523
488
328
830
811
666
270
257
322
689
756
392
191
938
697
152
731
928
563
359
219
513
227
550
237
291
453
857
720
954
426
595
442
106
426
605
772
696
214
446
737
970
191
928
908
888
81
640
817
996
351
36
862
579
938
99
870
392
309
942
346
87
538
140
193
316
745
318
364
959
764
101
930
955
381
190
844
814
830
13
163
534
49
377
465
987
476
687
731
137
630
77
576
520
217
770
836
314
88
552
274
204
5
556
160
386
98
4
553
281
17
716
815
418
93
632
757
921
319
489
411
949
918
987
821
136
757
9
802
197
561
428
402
566
336
914
305
435
270
858
716
287
574
531
57
19
163
814
292
834
655
703
136
574
43
957
62
152
967
864
350
880
293
104
447
629
18
752
416
288
962
132
927
888
15
336
907
530
502
551
365
158
607
501
732
650
810
794
802
777
10
504
658
655
608
457
637
978
561
53
266
875
186
545
763
553
881
22
84
384
573
801
542
180
302
626
182
464
772
985
242
782
489
252
790
450
61
427
428
974
480
47
849
18
592
612
572
474
634
8
210
559
809
104
92
463
730
274
927
502
259
521
636
101
773
426
551
186
205
979
160
38
378
9
408
971
621
332
797
607
340
7
167
149
111
259
964
193
885
892
695
145
413
683
246
539
462
149
77
19
128
238
57
507
247
466
830
221
798
627
180
491
986
347
992
449
958
957
642
844
201
689
341
614
372
939
505
186
88
583
206
568
173
615
427
420
81
257
993
232
236
174
723
222
873
67
23
184
24
665
380
225
354
721
192
79
12
49
265
100
632
823
668
805
439
96
578
872
705
923
104
942
97
179
516
323
599
540
507
623
205
239
201
912
312
745
991
324
794
608
424
779
784
444
936
223
892
866
95
598
790
552
892
239
83
408
914
34
948
421
10
506
12
211
770
324
308
761
648
454
721
424
585
505
869
522
80
761
388
528
711
530
432
603
122
867
12
36
902
312
810
912
170
822
475
940
147
135
53
795
589
127
220
175
984
441
49
65
554
789
945
266
320
729
869
442
596
233
830
850
546
640
762
716
463
589
9
962
724
62
757
666
189
329
841
174
122
242
591
677
31
536
943
351
265
812
145
861
46
328
64
944
968
178
660
783
768
21
745
844
84
855
510
273
184
703
799
307
945
390
336
329
926
279
32
191
91
530
405
489
858
821
433
178
999
446
962
767
467
59
964
551
914
474
177
451
530
976
110
827
367
446
156
645
725
189
837
168
719
594
658
929
415
443
107
414
889
69
534
709
481
498
260
395
324
789
846
206
766
308
34
485
754
542
130
831
83
319
0
154
265
10
83
32
453
191
799
695
612
333
404
93
183
16
841
859
158
687
66
924
348
452
761
102
994
891
286
78
563
286
232
828
648
668
861
453
859
660
148
823
345
904
269
880
273
110
739
431
797
805
707
497
609
468
600
604
711
886
34
274
524
618
103
524
286
316
977
497
328
478
673
673
382
942
553
7
52
644
438
201
802
145
699
411
965
651
15
677
889
401
303
765
372
406
289
10
74
266
508
402
96
181
427
831
475
980
838
527
977
277
80
779
774
779
190
92
782
558
769
671
959
424
436
683
183
725
694
257
344
202
660
440
735
439
623
562
772
462
89
749
91
169
528
217
301
718
309
83
628
430
755
940
855
543
623
38
621
317
295
317
871
307
109
958
747
733
520
519
195
961
620
638
131
148
855
784
218
165
867
847
947
974
787
802
870
762
840
491
